D = [-0.021193765626908365, 0.015318262526045068, -0.00012447975489023885, 0.00012095677287599744, 0.0]
K = [307.05902733559606, 0.0, 314.6422076401721, 0.0, 307.137054269273, 202.2775004612914, 0.0, 0.0, 1.0]
R = [1.0, 0.0, 0.0, 0.0, 1.0, 0.0, 0.0, 0.0, 1.0]
P = [307.5410461425781, 0.0, 314.5464099214041, 0.0, 0.0, 307.5385437011719, 201.63915533898398, 0.0, 0.0, 0.0, 1.0, 0.0]
None
# oST version 5.0 parameters


[image]

width
640

height
400

[narrow_stereo]

camera matrix
307.059027 0.000000 314.642208
0.000000 307.137054 202.277500
0.000000 0.000000 1.000000

distortion
-0.021194 0.015318 -0.000124 0.000121 0.000000

rectification
1.000000 0.000000 0.000000
0.000000 1.000000 0.000000
0.000000 0.000000 1.000000

projection
307.541046 0.000000 314.546410 0.000000
0.000000 307.538544 201.639155 0.000000
0.000000 0.000000 1.000000 0.000000
