D = [0.004241113097381001, -0.010471572146994597, -0.00044370157214786973, 0.004645013506294931, 0.0]
K = [347.821252327646, 0.0, 324.0552594320498, 0.0, 347.60297981084653, 182.63380456633797, 0.0, 0.0, 1.0]
R = [1.0, 0.0, 0.0, 0.0, 1.0, 0.0, 0.0, 0.0, 1.0]
P = [345.6327209472656, 0.0, 327.87782735871406, 0.0, 0.0, 348.0158996582031, 181.9604577748396, 0.0, 0.0, 0.0, 1.0, 0.0]
None
# oST version 5.0 parameters


[image]

width
640

height
360

[narrow_stereo]

camera matrix
347.821252 0.000000 324.055259
0.000000 347.602980 182.633805
0.000000 0.000000 1.000000

distortion
0.004241 -0.010472 -0.000444 0.004645 0.000000

rectification
1.000000 0.000000 0.000000
0.000000 1.000000 0.000000
0.000000 0.000000 1.000000

projection
345.632721 0.000000 327.877827 0.000000
0.000000 348.015900 181.960458 0.000000
0.000000 0.000000 1.000000 0.000000